00000000
00000000
00000000
00000000
00000000
00000000
00000000
00000000
00000000
00010000
0
1
1
1
0
0
0
1
0
0
1
0
1
1
1
0
	
00000110
1
0
1
0
1
1


00000000
00000000
00000110
1
1
1
0
0
0

00000000
00000000
00000000
00000000
00000000
00000000
00000000
00000000
00000000
00000000
00000000
00000000
00000000
00000000
00000000
00000000
00000000
00000000
00000011
1
1
0
 
00001101
0
0
0
0
1
0
0
0
1
0
0
0
1
!
00001011
1
1
1
1
0
0
0
1
0
0
1
"
00010001
0
1
1
1
0
0
0
1
0
0
1
0
1
1
1
1
0
#
00001111
0
0
0
0
1
0
0
0
1
0
0
0
0
0
0
$
00010001
0
1
1
1
0
0
1
1
1
0
0
1
0
1
0
0
0
%
00010000
0
1
1
1
0
0
1
1
1
0
0
1
0
1
1
0
&
00001011
0
0
0
0
1
0
0
0
1
0
1
'
00001011
0
1
1
1
0
0
0
1
0
0
0
(
00001011
0
1
1
1
0
0
0
0
1
1
1
)
00001100
0
1
1
1
0
0
0
1
1
0
1
0
*
00000000
00000110
0
1
1
1
1
0
,
00001010
1
1
1
1
0
0
0
0
0
0
-
00000111
0
0
0
0
1
0
1
.
00001100
0
0
0
0
1
0
0
1
1
1
0
0
/
00001011
0
1
1
1
0
0
0
1
1
0
0
0
00001011
1
1
1
1
0
0
0
1
1
1
1
1
00001100
0
1
1
1
0
0
0
1
0
0
1
1
2
00001100
1
1
1
1
0
0
0
0
0
1
0
0
3
00001100
0
1
1
1
0
0
0
1
1
1
0
0
4
00001100
1
1
1
1
0
0
0
1
0
1
0
0
5
00001100
0
1
1
1
0
0
0
1
1
0
1
1
6
00001100
0
1
1
1
0
0
1
1
1
0
0
0
7
00001100
0
1
1
1
0
0
0
1
1
1
0
1
8
00001101
1
1
1
1
0
0
0
1
0
0
0
1
0
9
00001011
0
1
1
1
0
0
0
1
1
1
1
:
00001001
0
1
1
1
0
0
1
1
0
;
00000000
00001110
0
1
1
1
0
0
1
1
1
0
0
1
1
0
=
00000000
00001100
1
1
1
1
0
0
0
1
0
1
0
1
?
00001111
0
0
0
0
1
0
0
0
1
0
0
0
0
0
1
@
00001001
0
1
1
1
0
0
1
0
0
A
00001010
1
1
1
1
0
0
0
0
1
1
B
00001010
0
1
1
1
0
0
1
1
1
1
C
00001011
0
1
1
1
0
0
0
0
1
1
0
D
00001001
0
1
1
1
0
0
0
0
0
E
00001010
0
0
0
0
1
0
0
1
1
0
F
00001010
1
0
1
0
0
1
0
1
1
0
G
00001011
1
1
1
1
0
0
0
1
0
1
1
H
00001001
0
1
1
1
0
0
1
0
1
I
00001101
1
1
1
1
0
0
0
1
0
0
0
1
1
J
00001100
0
0
0
0
1
0
0
0
1
0
0
1
K
00001011
1
1
1
1
0
0
0
0
0
1
1
L
00001011
0
1
1
1
0
0
1
1
1
0
1
M
00001011
1
1
1
1
0
0
0
1
1
1
0
N
00001011
1
1
1
1
0
0
0
0
1
0
1
O
00001010
1
0
1
0
0
1
0
1
1
1
P
00001110
0
1
1
1
0
0
1
1
1
0
0
1
1
1
Q
00001011
1
1
1
1
0
0
0
0
1
0
0
R
00001010
1
1
1
1
0
0
0
1
1
0
S
00001001
1
0
1
0
0
1
0
1
0
T
00001100
1
1
1
1
0
0
0
1
0
0
0
0
U
00001110
0
1
1
1
0
0
0
1
0
0
1
0
1
0
V
00001010
0
0
0
0
1
0
0
0
1
1
W
00001111
0
1
1
1
0
0
1
1
1
0
0
1
0
0
0
X
00001100
1
1
1
1
0
0
0
0
0
1
0
1
Y
00000000
00001111
0
1
1
1
0
0
0
1
0
0
1
0
0
0
0
[
00000000
00001111
0
1
1
1
0
0
0
1
0
0
1
0
0
0
1
]
00000000
00000000
00000000
00000100
0
1
1
0
a
00000111
1
1
1
1
0
0
1
b
00000101
0
0
0
0
0
c
00000101
0
1
0
1
0
d
00000011
0
0
1
e
00000110
1
1
1
0
0
1
f
00000110
0
0
0
0
1
1
g
00000101
1
1
1
0
1
h
00000100
0
1
0
0
i
00001001
0
0
0
0
1
0
0
1
0
j
00001000
1
0
1
0
0
1
0
0
k
00000101
0
1
0
1
1
l
00000110
1
0
1
0
1
0
m
00000100
1
0
0
0
n
00000100
1
0
0
1
o
00000110
1
0
1
0
0
0
p
00001010
0
1
1
1
0
0
0
1
0
1
q
00000100
0
0
0
1
r
00000101
1
1
1
1
1
s
00000100
1
0
1
1
t
00000110
1
1
1
1
0
1
u
00000111
1
0
1
0
0
1
1
v
00000110
0
1
1
1
1
1
w
00001001
0
0
0
0
1
0
0
0
0
x
00000110
0
1
1
1
0
1
y
00001100
0
0
0
0
1
0
0
1
1
1
0
1
z
00000000
00000000
00010001
0
1
1
1
0
0
1
1
1
0
0
1
0
1
0
0
1
}
00000000
00000000
00000000
00000000
00000000
00000000
00001011
0
0
0
0
1
0
0
1
1
1
1
„
00000000
00000000
00000000
00000000
00000000
00000000
00000000
00000000
00000000
00000000
00000000
00000000
00000000
00000000
00000000
00000000
00000000
00000000
00000000
00000000
00000000
00000000
00000000
00000000
00000000
00000000
00000000
00000000
00000000
00001011
0
1
1
1
0
0
0
0
1
0
1
¢
00010000
0
1
1
1
0
0
1
1
1
0
0
1
0
1
0
1
£
00000000
00000000
00001111
0
1
1
1
0
0
0
1
0
0
1
0
1
1
0
¦
00000000
00000000
00000000
00000000
00000000
00000000
00000000
00000000
00000000
00000000
00000000
00000000
00000000
00000000
00000000
00000000
00000000
00000000
00001110
0
0
0
0
1
0
0
0
1
0
0
0
0
1
¹
00000000
00010001
0
1
1
1
0
0
1
1
1
0
0
1
0
1
1
1
0
»
00000000
00000000
00000000
00010001
0
1
1
1
0
0
1
1
1
0
0
1
0
1
1
1
1
¿
00000000
00000000
00001110
0
1
1
1
0
0
0
1
0
0
1
0
0
1
Â
00001111
0
1
1
1
0
0
1
1
1
0
0
1
0
0
1
Ã
00000000
00000000
00000000
00000000
00000000
00000000
00000000
00000000
00000000
00000000
00000000
00000000
00000000
00000000
00000000
00000000
00000000
00000000
00000000
00000000
00000000
00000000
00000000
00000000
00000000
00000000
00000000
00000000
00000000
00000000
00001011
0
1
1
1
0
0
0
0
1
0
0
â
00000000
00000000
00000000
00000000
00000000
00000000
00000000
00000000
00000000
00000000
00000000
00000000
00010001
0
1
1
1
0
0
0
1
0
0
1
0
1
1
1
1
1
ï
00000000
00000000
00000000
00000000
00000000
00000000
00000000
00000000
00000000
00000000
00000000
00000000
00000000
00000000
00000000
00000000
					(s, 0)
				(0)
						(u, 0)
					(0)
							(b, 0)
						(0)
											(1, 0)
										(0)
											(N, 0)
									(0)
										(S, 0)
								(0)
											(H, 0)
										(0)
												(?, 0)
											(0)
												(5, 0)
									(0)
											(", 0)
										(0)
													(J, 0)
												(0)
													(9, 0)
											(0)
												(U, 0)
							(0)
										(B, 0)
									(0)
											(O, 0)
										(0)
											(R, 0)
								(0)
											(L, 0)
										(0)
												(Y, 0)
											(0)
												(3, 0)
									(0)
										(-, 0)
			(0)
					(h, 0)
				(0)
						(f, 0)
					(0)
						(, 0)
		(0)
			( , 0)
	(0)
				(t, 0)
			(0)
						(
, 0)
					(0)
						(m, 0)
				(0)
							(v, 0)
						(0)
										(P, 0)
									(0)
										(G, 0)
								(0)
									(T, 0)
							(0)
								(k, 0)
					(0)
						(p, 0)
		(0)
				(o, 0)
			(0)
				(n, 0)
(0)
						(w, 0)
					(0)
						(,, 0)
				(0)
						(y, 0)
					(0)
										(C, 0)
									(0)
											(M, 0)
										(0)
														(Q, 0)
													(0)
														(=, 0)
												(0)
																	(¿, 0)
																(0)
																	(», 0)
															(0)
																(&, 0)
														(0)
																(£, 0)
															(0)
																	(}, 0)
																(0)
																	(%, 0)
													(0)
															(Ã, 0)
														(0)
															(X, 0)
											(0)
												(7, 0)
								(0)
									(;, 0)
							(0)
									(I, 0)
								(0)
									(A, 0)
						(0)
											(:, 0)
										(0)
												(8, 0)
											(0)
												(4, 0)
									(0)
												(6, 0)
											(0)
												(*, 0)
										(0)
											(0, 0)
								(0)
										(q, 0)
									(0)
												(2, 0)
											(0)
																	(ï, 0)
																(0)
																	(#, 0)
															(0)
																(	, 0)
														(0)
															(¦, 0)
													(0)
														(V, 0)
												(0)
														(Â, 0)
													(0)
															(], 0)
														(0)
															([, 0)
										(0)
											((, 0)
							(0)
											(), 0)
										(0)
											(D, 0)
									(0)
											(¢, 0)
										(0)
											(â, 0)
								(0)
									(E, 0)
			(0)
				(a, 0)
		(0)
					(l, 0)
				(0)
					(d, 0)
			(0)
				(i, 0)
	(0)
			(e, 0)
		(0)
				(r, 0)
			(0)
						(g, 0)
					(0)
							(., 0)
						(0)
											(„, 0)
										(0)
												(z, 0)
											(0)
												(/, 0)
									(0)
										(F, 0)
								(0)
									(j, 0)
							(0)
										(W, 0)
									(0)
											(', 0)
										(0)
												(K, 0)
											(0)
													(!, 0)
												(0)
														(¹, 0)
													(0)
															(@, 0)
														(0)
															($, 0)
								(0)
									(x, 0)
				(0)
					(c, 0)
10100110
01000010
00000010
00000000
num of characters148134
