00000000
00000000
00000000
00000000
00000000
00000000
00000000
00000000
00000000
00000000
00000101
character = 

size: 5
code: 0000000000000000000000000000000000000000000000000000000000001110
0
1
1
1
0


00000000
00000000
00000000
00000000
00000000
00000000
00000000
00000000
00000000
00000000
00000000
00000000
00000000
00000000
00000000
00000000
00000000
00000000
00000000
00000000
00000000
00000000
00000101
character = !
size: 5
code: 0000000000000000000000000000000000000000000000000000000000011100
1
1
1
0
0
!
00000000
00000110
character = #
size: 6
code: 0000000000000000000000000000000000000000000000000000000000111110
1
1
1
1
1
0
#
00000000
00000101
character = %
size: 5
code: 0000000000000000000000000000000000000000000000000000000000010010
1
0
0
1
0
%
00000000
00000000
00000110
character = (
size: 6
code: 0000000000000000000000000000000000000000000000000000000000010011
0
1
0
0
1
1
(
00000101
character = )
size: 5
code: 0000000000000000000000000000000000000000000000000000000000010001
1
0
0
0
1
)
00000000
00000111
character = +
size: 7
code: 0000000000000000000000000000000000000000000000000000000000100101
0
1
0
0
1
0
1
+
00000101
character = ,
size: 5
code: 0000000000000000000000000000000000000000000000000000000000010011
1
0
0
1
1
,
00000000
00000101
character = .
size: 5
code: 0000000000000000000000000000000000000000000000000000000000001000
0
1
0
0
0
.
00000110
character = /
size: 6
code: 0000000000000000000000000000000000000000000000000000000000011111
0
1
1
1
1
1
/
00000011
character = 0
size: 3
code: 0000000000000000000000000000000000000000000000000000000000000001
0
0
1
0
00000100
character = 1
size: 4
code: 0000000000000000000000000000000000000000000000000000000000000110
0
1
1
0
1
00000100
character = 2
size: 4
code: 0000000000000000000000000000000000000000000000000000000000001011
1
0
1
1
2
00000100
character = 3
size: 4
code: 0000000000000000000000000000000000000000000000000000000000001101
1
1
0
1
3
00000111
character = 4
size: 7
code: 0000000000000000000000000000000000000000000000000000000001010010
1
0
1
0
0
1
0
4
00000101
character = 5
size: 5
code: 0000000000000000000000000000000000000000000000000000000000011110
1
1
1
1
0
5
00000110
character = 6
size: 6
code: 0000000000000000000000000000000000000000000000000000000000111010
1
1
1
0
1
0
6
00000101
character = 7
size: 5
code: 0000000000000000000000000000000000000000000000000000000000011000
1
1
0
0
0
7
00000100
character = 8
size: 4
code: 0000000000000000000000000000000000000000000000000000000000000101
0
1
0
1
8
00000011
character = 9
size: 3
code: 0000000000000000000000000000000000000000000000000000000000000000
0
0
0
9
00000000
00000000
00000110
character = <
size: 6
code: 0000000000000000000000000000000000000000000000000000000000111111
1
1
1
1
1
1
<
00000000
00000110
character = >
size: 6
code: 0000000000000000000000000000000000000000000000000000000000100001
1
0
0
0
0
1
>
00000110
character = ?
size: 6
code: 0000000000000000000000000000000000000000000000000000000000011110
0
1
1
1
1
0
?
00000110
character = @
size: 6
code: 0000000000000000000000000000000000000000000000000000000000111011
1
1
1
0
1
1
@
00000000
00000000
00000000
00000000
00000000
00000000
00000000
00000000
00000000
00000000
00000000
00000000
00000000
00000000
00000000
00000000
00000000
00000000
00000000
00000000
00000000
00000000
00000000
00000000
00000000
00000000
00000000
00000000
00000000
00000000
00000110
character = _
size: 6
code: 0000000000000000000000000000000000000000000000000000000000100000
1
0
0
0
0
0
_
00000000
00001000
character = a
size: 8
code: 0000000000000000000000000000000000000000000000000000000001001000
0
1
0
0
1
0
0
0
a
00000000
00000000
00001001
character = d
size: 9
code: 0000000000000000000000000000000000000000000000000000000010010010
0
1
0
0
1
0
0
1
0
d
00000000
00000000
00000000
00000000
00000000
00000000
00000000
00000000
00000000
00000000
00000000
00000000
00000000
00000000
00000000
00000000
00000000
00000000
00000000
00000000
00000000
00001001
character = z
size: 9
code: 0000000000000000000000000000000000000000000000000000000010010011
0
1
0
0
1
0
0
1
1
z
00000110
character = {
size: 6
code: 0000000000000000000000000000000000000000000000000000000000101000
1
0
1
0
0
0
{
00000101
character = |
size: 5
code: 0000000000000000000000000000000000000000000000000000000000010101
1
0
1
0
1
|
00000101
character = }
size: 5
code: 0000000000000000000000000000000000000000000000000000000000011001
1
1
0
0
1
}
00000111
character = ~
size: 7
code: 0000000000000000000000000000000000000000000000000000000001010011
1
0
1
0
0
1
1
~
00000000
00000000
00000000
00000000
00000000
00000000
00000000
00000000
00000000
00000000
00000000
00000000
00000000
00000000
00000000
00000000
00000000
00000000
00000000
00000000
00000000
00000000
00000000
00000000
00000000
00000000
00000000
00000000
00000000
00000000
00000000
00000000
00000000
00000000
00000000
00000000
00000000
00000000
00000000
00000000
00000000
00000000
00000000
00000000
00000000
00000000
00000000
00000000
00000000
00000000
00000000
00000000
00000000
00000000
00000000
00000000
00000000
00000000
00000000
00000000
00000000
00000000
00000000
00000000
00000000
00000000
00000000
00000000
00000000
00000000
00000000
00000000
00000000
00000000
00000000
00000000
00000000
00000000
00000000
00000000
00000000
00000000
00000000
00000000
00000000
00000000
00000000
00000000
00000000
00000000
00000000
00000000
00000000
00000000
00000000
00000000
00000000
00000000
00000000
00000000
00000000
00000000
00000000
00000000
00000000
00000000
00000000
00000000
00000000
00000000
00000000
00000000
00000000
00000000
00000000
00000000
00000000
00000000
00000000
00000000
00000000
00000000
00000000
00000000
00000000
00000000
00000000
00000000
00000000
						(< , 0)
					(0)
						(# , 0)
				(0)
					(5 , 0)
			(0)
						(@ , 0)
					(0)
						(6 , 0)
				(0)
					(! , 0)
		(0)
				(3 , 0)
			(0)
					(} , 0)
				(0)
					(7 , 0)
	(0)
				(2 , 0)
			(0)
					(| , 0)
				(0)
							(~ , 0)
						(0)
							(4 , 0)
					(0)
						({ , 0)
		(0)
					(, , 0)
				(0)
					(% , 0)
			(0)
					() , 0)
				(0)
						(> , 0)
					(0)
						(_ , 0)
(0)
						(/ , 0)
					(0)
						(? , 0)
				(0)
					(
 , 0)
			(0)
				(1 , 0)
		(0)
				(8 , 0)
			(0)
						(( , 0)
					(0)
							(+ , 0)
						(0)
									(z , 0)
								(0)
									(d , 0)
							(0)
								(a , 0)
				(0)
					(. , 0)
	(0)
			(0 , 0)
		(0)
			(9 , 0)
11101110
00001010
00000000
00000000
num of characters2798
